years	months	days	hours	minutes	seconds	Q	u_Q
2009	6	23	8	6	0	-477.84	-34.691184
2009	6	23	8	8	0	-654.49	-47.515974
2009	6	23	8	10	0	-824.89	-59.887014
2009	6	23	8	12	0	-983.99	-71.437674
2009	6	23	8	14	0	-1142.77	-82.965102
2009	6	23	8	16	0	-1290.84	-93.714984
2009	6	23	8	18	0	-1424.42	-103.412892
2009	6	23	8	20	0	-1548.2	-112.39932
2009	6	23	8	22	0	-1656.09	-120.232134
2009	6	23	8	24	0	-1757.47	-127.592322
2009	6	23	8	26	0	-1846.36	-134.045736
2009	6	23	8	28	0	-1917.42	-139.204692
2009	6	23	8	30	0	-1976.33	-143.481558
2009	6	23	8	32	0	-2017.43	-146.465418
2009	6	23	8	34	0	-2044.15	-148.40529
2009	6	23	8	36	0	-2059.26	-149.502276
2009	6	23	8	38	0	-2063.81	-149.832606
2009	6	23	8	40	0	-2050.94	-148.898244
2009	6	23	8	42	0	-2021.95	-146.79357
2009	6	23	8	44	0	-1978.78	-143.659428
2009	6	23	8	46	0	-1943.74	-141.115524
2009	6	23	8	48	0	-1869.67	-135.738042
2009	6	23	8	50	0	-1779.72	-129.207672
2009	6	23	8	52	0	-1665.32	-120.902232
2009	6	23	8	54	0	-1537.63	-111.631938
2009	6	23	8	56	0	-1400.54	-101.679204
2009	6	23	8	58	0	-1239.37	-89.978262
2009	6	23	9	0	0	-1059.89	-76.948014
2009	6	23	9	2	0	-869.76	-63.144576
2009	6	23	9	4	0	-669.33	-48.593358
2009	6	23	9	6	0	-434.7	-31.55922
2009	6	23	9	8	0	-199.53	-14.485878
2009	6	23	9	10	0	52.25	3.79335
2009	6	23	9	12	0	311.76	22.633776
2009	6	23	9	14	0	573.2	41.61432
2009	6	23	9	16	0	913.96	66.353496
2009	6	23	9	18	0	1201.77	87.248502
2009	6	23	9	20	0	1501.49	109.008174
2009	6	23	9	22	0	1822.82	132.336732
2009	6	23	9	24	0	2162.72	157.013472
2009	6	23	9	26	0	2511.9	182.36394
2009	6	23	9	28	0	2851.49	207.018174
2009	6	23	9	30	0	3201.98	232.463748
2009	6	23	9	32	0	3560.46	258.489396
2009	6	23	9	34	0	3925.21	284.970246
2009	6	23	9	36	0	4294.98	311.815548
2009	6	23	9	38	0	4668.55	338.93673
2009	6	23	9	40	0	5044.56	366.235056
2009	6	23	9	42	0	5421.55	393.60453
2009	6	23	9	44	0	5798	420.9348
2009	6	23	9	46	0	6172.29	448.108254
2009	6	23	9	48	0	6542.81	475.008006
2009	6	23	9	50	0	6907.87	501.511362
2009	6	23	9	52	0	7265.8	527.49708
2009	6	23	9	54	0	7581.46	550.413996
2009	6	23	9	56	0	7918.22	574.862772
2009	6	23	9	58	0	8243.28	598.462128
2009	6	23	10	0	0	8555.24	621.110424
2009	6	23	10	2	0	8852.78	642.711828
2009	6	23	10	4	0	9134.77	663.184302
2009	6	23	10	6	0	9400.25	682.45815
2009	6	23	10	8	0	9648.47	700.478922
2009	6	23	10	10	0	9878.99	717.214674
2009	6	23	10	12	0	10091.78	732.663228
2009	6	23	10	14	0	10287.14	746.846364
2009	6	23	10	16	0	10465.52	759.796752
2009	6	23	10	18	0	10627.62	771.565212
2009	6	23	10	20	0	10774.38	782.219988
2009	6	23	10	22	0	10907	791.8482
2009	6	23	10	24	0	11026.69	800.537694
2009	6	23	10	26	0	11134.62	808.373412
2009	6	23	10	28	0	11232.01	815.443926
2009	6	23	10	30	0	11320.01	821.832726
2009	6	23	10	32	0	11399.65	827.61459
2009	6	23	10	34	0	11471.68	832.843968
2009	6	23	10	36	0	11536.71	837.565146
2009	6	23	10	38	0	11595.25	841.81515
2009	6	23	10	40	0	11647.73	845.625198
2009	6	23	10	42	0	11694.57	849.025782
2009	6	23	10	44	0	11736.13	852.043038
2009	6	23	10	46	0	11772.67	854.695842
2009	6	23	10	48	0	11804.46	857.003796
2009	6	23	10	50	0	11831.73	858.983598
2009	6	23	10	52	0	11854.68	860.649768
2009	6	23	10	54	0	11873.51	862.016826
2009	6	23	10	56	0	11888.4	863.09784
2009	6	23	10	58	0	11899.54	863.906604
2009	6	23	11	0	0	11907.13	864.457638
2009	6	23	11	2	0	11911.36	864.764736
2009	6	23	11	4	0	11912.46	864.844596
2009	6	23	11	6	0	11910.64	864.712464
2009	6	23	11	8	0	11906.12	864.384312
2009	6	23	11	10	0	11899.12	863.876112
2009	6	23	11	12	0	11889.87	863.204562
2009	6	23	11	14	0	11878.6	862.38636
2009	6	23	11	16	0	11865.57	861.440382
2009	6	23	11	18	0	11851.07	860.387682
2009	6	23	11	20	0	11835.36	859.247136
2009	6	23	11	22	0	11818.87	858.049962
2009	6	23	11	24	0	11802.03	856.827378
2009	6	23	11	26	0	11784.79	855.575754
2009	6	23	11	28	0	11767.14	854.294364
2009	6	23	11	30	0	11749.29	852.998454
2009	6	23	11	32	0	11731.45	851.70327
2009	6	23	11	34	0	11713.83	850.424058
2009	6	23	11	36	0	11696.59	849.172434
2009	6	23	11	38	0	11679.83	847.955658
2009	6	23	11	40	0	11663.82	846.793332
2009	6	23	11	42	0	11649.09	845.723934
2009	6	23	11	44	0	11635.82	844.760532
2009	6	23	11	46	0	11624.26	843.921276
2009	6	23	11	48	0	11614.52	843.214152
2009	6	23	11	50	0	11606.82	842.655132
2009	6	23	11	52	0	11601.21	842.247846
2009	6	23	11	54	0	11597.8	842.00028
2009	6	23	11	56	0	11596.65	841.91679
2009	6	23	11	58	0	11597.82	842.001732
2009	6	23	12	0	0	11601.36	842.258736
2009	6	23	12	2	0	11607.07	842.673282
2009	6	23	12	4	0	11614.79	843.233754
2009	6	23	12	6	0	11624.54	843.941604
2009	6	23	12	8	0	11636.21	844.788846
2009	6	23	12	10	0	11649.81	845.776206
2009	6	23	12	12	0	11665.37	846.905862
2009	6	23	12	14	0	11682.93	848.180718
2009	6	23	12	16	0	11702.56	849.605856
2009	6	23	12	18	0	11724.28	851.182728
2009	6	23	12	20	0	11748.01	852.905526
2009	6	23	12	22	0	11773.65	854.76699
2009	6	23	12	24	0	11801.1	856.75986
2009	6	23	12	26	0	11830.33	858.881958
2009	6	23	12	28	0	11861.15	861.11949
2009	6	23	12	30	0	11893.56	863.472456
2009	6	23	12	32	0	11927.56	865.940856
2009	6	23	12	34	0	11963.12	868.522512
2009	6	23	12	36	0	12000.2	871.21452
2009	6	23	12	38	0	12038.76	874.013976
2009	6	23	12	40	0	12078.68	876.912168
2009	6	23	12	42	0	12119.83	879.899658
2009	6	23	12	44	0	12162.05	882.96483
2009	6	23	12	46	0	12205.18	886.096068
2009	6	23	12	48	0	12249.07	889.282482
2009	6	23	12	50	0	12293.51	892.508826
2009	6	23	12	52	0	12338.35	895.76421
2009	6	23	12	54	0	12383.5	899.0421
2009	6	23	12	56	0	12428.86	902.335236
2009	6	23	12	58	0	12474.28	905.632728
2009	6	23	13	0	0	12519.64	908.925864
2009	6	23	13	2	0	12564.9	912.21174
2009	6	23	13	4	0	12609.95	915.48237
2009	6	23	13	6	0	12654.77	918.736302
2009	6	23	13	8	0	12699.35	921.97281
2009	6	23	13	10	0	12743.74	925.195524
2009	6	23	13	12	0	12787.96	928.405896
2009	6	23	13	14	0	12831.97	931.601022
2009	6	23	13	16	0	12875.69	934.775094
2009	6	23	13	18	0	12918.99	937.918674
2009	6	23	13	20	0	12961.84	941.029584
2009	6	23	13	22	0	13004.19	944.104194
2009	6	23	13	24	0	13046.02	947.141052
2009	6	23	13	26	0	13054.15	947.73129
2009	6	23	13	28	0	13095.04	950.699904
2009	6	23	13	30	0	13135.31	953.623506
2009	6	23	13	32	0	13174.89	956.497014
2009	6	23	13	34	0	13213.66	959.311716
2009	6	23	13	36	0	13251.34	962.047284
2009	6	23	13	38	0	13287.77	964.692102
2009	6	23	13	40	0	13322.97	967.247622
2009	6	23	13	42	0	13356.86	969.708036
2009	6	23	13	44	0	13389.39	972.069714
2009	6	23	13	46	0	13420.57	974.333382
2009	6	23	13	48	0	13450.36	976.496136
2009	6	23	13	50	0	13478.87	978.565962
2009	6	23	13	52	0	13506.16	980.547216
2009	6	23	13	54	0	13532.23	982.439898
2009	6	23	13	56	0	13557.25	984.25635
2009	6	23	13	58	0	13581.31	986.003106
2009	6	23	14	0	0	13604.44	987.682344
2009	6	23	14	2	0	13626.73	989.300598
2009	6	23	14	4	0	13648.19	990.858594
2009	6	23	14	6	0	13668.84	992.357784
2009	6	23	14	8	0	13688.75	993.80325
2009	6	23	14	10	0	13707.95	995.19717
2009	6	23	14	12	0	13726.48	996.542448
2009	6	23	14	14	0	13744.41	997.844166
2009	6	23	14	16	0	13761.75	999.10305
2009	6	23	14	18	0	13778.55	1000.32273
2009	6	23	14	20	0	13794.82	1001.503932
2009	6	23	14	22	0	13810.62	1002.651012
2009	6	23	14	24	0	13825.96	1003.764696
2009	6	23	14	26	0	13840.86	1004.846436
2009	6	23	14	28	0	13855.33	1005.896958
2009	6	23	14	30	0	13869.33	1006.913358
2009	6	23	14	32	0	13882.96	1007.902896
2009	6	23	14	34	0	13896.24	1008.867024
2009	6	23	14	36	0	13909.23	1009.810098
2009	6	23	14	38	0	13922	1010.7372
2009	6	23	14	40	0	13934.6	1011.65196
2009	6	23	14	42	0	13947.08	1012.558008
2009	6	23	14	44	0	13959.5	1013.4597
2009	6	23	14	46	0	13971.93	1014.362118
2009	6	23	14	48	0	13984.45	1015.27107
2009	6	23	14	50	0	13997.02	1016.183652
2009	6	23	14	52	0	14009.63	1017.099138
2009	6	23	14	54	0	14022.21	1018.012446
2009	6	23	14	56	0	14034.68	1018.917768
2009	6	23	14	58	0	14047.05	1019.81583
2009	6	23	15	0	0	14059.21	1020.698646
2009	6	23	15	2	0	14070.86	1021.544436
2009	6	23	15	4	0	14081.69	1022.330694
2009	6	23	15	6	0	14091.53	1023.045078
2009	6	23	15	8	0	14100.45	1023.69267
2009	6	23	15	10	0	14108.66	1024.288716
2009	6	23	15	12	0	14115.92	1024.815792
2009	6	23	15	14	0	14122.25	1025.27535
2009	6	23	15	16	0	14127.67	1025.668842
2009	6	23	15	18	0	14132.18	1025.996268
2009	6	23	15	20	0	14135.73	1026.253998
2009	6	23	15	22	0	14138.34	1026.443484
2009	6	23	15	24	0	14139.98	1026.562548
2009	6	23	15	26	0	14140.58	1026.606108
2009	6	23	15	28	0	14140.14	1026.574164
2009	6	23	15	30	0	14138.67	1026.467442
2009	6	23	15	32	0	14136.19	1026.287394
2009	6	23	15	34	0	14132.83	1026.043458
2009	6	23	15	36	0	14128.81	1025.751606
2009	6	23	15	38	0	14124.26	1025.421276
