years	months	days	hours	minutes	seconds	Q	u_Q
2009	6	26	9	16	0	-12494.94	-563.521794
2009	6	26	9	18	0	-12690.93	-572.360943
2009	6	26	9	20	0	-12878.64	-580.826664
2009	6	26	9	22	0	-13055.33	-588.795383
2009	6	26	9	24	0	-13217.21	-596.096171
2009	6	26	9	26	0	-13369.88	-602.981588
2009	6	26	9	28	0	-13508.57	-609.236507
2009	6	26	9	30	0	-13631.34	-614.773434
2009	6	26	9	32	0	-13736.95	-619.536445
2009	6	26	9	34	0	-13824.28	-623.475028
2009	6	26	9	36	0	-13892.48	-626.550848
2009	6	26	9	38	0	-13941.11	-628.744061
2009	6	26	9	40	0	-13973.16	-630.189516
2009	6	26	9	42	0	-13982.62	-630.616162
2009	6	26	9	44	0	-13972.78	-630.172378
2009	6	26	9	46	0	-13943.7	-628.86087
2009	6	26	9	48	0	-13895.45	-626.684795
2009	6	26	9	50	0	-13828.07	-623.645957
2009	6	26	9	52	0	-13741.65	-619.748415
2009	6	26	9	54	0	-13636.36	-614.999836
2009	6	26	9	56	0	-13512.23	-609.401573
2009	6	26	9	58	0	-13369.35	-602.957685
2009	6	26	10	0	0	-13207.94	-595.678094
2009	6	26	10	2	0	-13028.19	-587.571369
2009	6	26	10	4	0	-12830.3	-578.64653
2009	6	26	10	6	0	-12614.5	-568.91395
2009	6	26	10	8	0	-12381.06	-558.385806
2009	6	26	10	10	0	-12130.31	-547.076981
2009	6	26	10	12	0	-11862.55	-535.001005
2009	6	26	10	14	0	-11577.94	-522.165094
2009	6	26	10	16	0	-11277.05	-508.594955
2009	6	26	10	18	0	-10960.28	-494.308628
2009	6	26	10	20	0	-10628.48	-479.344448
2009	6	26	10	22	0	-10282.35	-463.733985
2009	6	26	10	24	0	-9922.47	-447.503397
2009	6	26	10	26	0	-9549.6	-430.68696
2009	6	26	10	28	0	-9164.37	-413.313087
2009	6	26	10	30	0	-8767.27	-395.403877
2009	6	26	10	32	0	-8359.18	-376.999018
2009	6	26	10	34	0	-7940.75	-358.127825
2009	6	26	10	36	0	-7512.81	-338.827731
2009	6	26	10	38	0	-7076.36	-319.143836
2009	6	26	10	40	0	-6632.31	-299.117181
2009	6	26	10	42	0	-6181.76	-278.797376
2009	6	26	10	44	0	-5725.98	-258.241698
2009	6	26	10	46	0	-5266.29	-237.509679
2009	6	26	10	48	0	-4804.48	-216.682048
2009	6	26	10	50	0	-4343.06	-195.872006
2009	6	26	10	52	0	-3886.11	-175.263561
2009	6	26	10	54	0	-3440.85	-155.182335
2009	6	26	10	56	0	-3020.15	-136.208765
2009	6	26	10	58	0	-2383.44	-107.493144
2009	6	26	11	0	0	-1956.21	-88.225071
2009	6	26	11	2	0	-1547.45	-69.789995
2009	6	26	11	4	0	-1029.92	-46.449392
2009	6	26	11	6	0	-462.18	-20.844318
2009	6	26	11	8	0	365.58	16.487658
2009	6	26	11	10	0	1076.51	48.550601
2009	6	26	11	12	0	2092.87	94.388437
2009	6	26	11	14	0	2679.61	120.850411
2009	6	26	11	16	0	3138.41	141.542291
2009	6	26	11	18	0	3609.42	162.784842
2009	6	26	11	20	0	4099.39	184.882489
2009	6	26	11	22	0	4600.25	207.471275
2009	6	26	11	24	0	5107.02	230.326602
2009	6	26	11	26	0	5616.19	253.290169
2009	6	26	11	28	0	6125.62	276.265462
2009	6	26	11	30	0	6633.97	299.192047
2009	6	26	11	32	0	7140.04	322.015804
2009	6	26	11	34	0	7642.82	344.691182
2009	6	26	11	36	0	8141.33	367.173983
2009	6	26	11	38	0	8634.46	389.414146
2009	6	26	11	40	0	9121.11	411.362061
2009	6	26	11	42	0	9600.28	432.972628
2009	6	26	11	44	0	10071.17	454.209767
2009	6	26	11	46	0	10533.21	475.047771
2009	6	26	11	48	0	10985.93	495.465443
2009	6	26	11	50	0	11429.03	515.449253
2009	6	26	11	52	0	11862.3	534.98973
2009	6	26	11	54	0	12285.58	554.079658
2009	6	26	11	56	0	12698.7	572.71137
2009	6	26	11	58	0	13101.51	590.878101
2009	6	26	12	0	0	13493.88	608.573988
2009	6	26	12	2	0	13875.69	625.793619
2009	6	26	12	4	0	14246.83	642.532033
2009	6	26	12	6	0	14607.2	658.78472
2009	6	26	12	8	0	14956.72	674.548072
2009	6	26	12	10	0	15295.28	689.817128
2009	6	26	12	12	0	15613.68	704.176968
2009	6	26	12	14	0	15928.61	718.380311
2009	6	26	12	16	0	16230.63	732.001413
2009	6	26	12	18	0	16519.87	745.046137
2009	6	26	12	20	0	16796.61	757.527111
2009	6	26	12	22	0	17051.51	769.023101
2009	6	26	12	24	0	17304.19	780.418969
2009	6	26	12	26	0	17544.88	791.274088
2009	6	26	12	28	0	17773.93	801.604243
2009	6	26	12	30	0	17991.71	811.426121
2009	6	26	12	32	0	18198.57	820.755507
2009	6	26	12	34	0	18394.85	829.607735
2009	6	26	12	36	0	18580.89	837.998139
2009	6	26	12	38	0	18757	845.9407
2009	6	26	12	40	0	18923.5	853.44985
2009	6	26	12	42	0	19080.72	860.540472
2009	6	26	12	44	0	19228.96	867.226096
2009	6	26	12	46	0	19368.53	873.520703
2009	6	26	12	48	0	19499.73	879.437823
2009	6	26	12	50	0	19622.88	884.991888
2009	6	26	12	52	0	19738.27	890.195977
2009	6	26	12	54	0	19846.22	895.064522
2009	6	26	12	56	0	19947.01	899.610151
2009	6	26	12	58	0	20040.94	903.846394
2009	6	26	13	0	0	20128.32	907.787232
2009	6	26	13	2	0	20209.43	911.445293
2009	6	26	13	4	0	20284.56	914.833656
2009	6	26	13	6	0	20354.01	917.965851
2009	6	26	13	8	0	20418.05	920.854055
2009	6	26	13	10	0	20476.98	923.511798
2009	6	26	13	12	0	20531.06	925.950806
2009	6	26	13	14	0	20580.58	928.184158
2009	6	26	13	16	0	20625.8	930.22358
2009	6	26	13	18	0	20666.98	932.080798
2009	6	26	13	20	0	20704.37	933.767087
2009	6	26	13	22	0	20738.2	935.29282
2009	6	26	13	24	0	20768.59	936.663409
2009	6	26	13	26	0	20798.19	937.998369
2009	6	26	13	28	0	20822.89	939.112339
2009	6	26	13	30	0	20845.33	940.124383
2009	6	26	13	32	0	20865.62	941.039462
2009	6	26	13	34	0	20884.03	941.869753
2009	6	26	13	36	0	20900.97	942.633747
2009	6	26	13	38	0	20916.83	943.349033
2009	6	26	13	40	0	20931.86	944.026886
2009	6	26	13	42	0	20946.17	944.672267
2009	6	26	13	44	0	20959.82	945.287882
2009	6	26	13	46	0	20972.81	945.873731
2009	6	26	13	48	0	20985.06	946.426206
2009	6	26	13	50	0	20996.38	946.936738
2009	6	26	13	52	0	21006.58	947.396758
2009	6	26	13	54	0	21015.49	947.798599
2009	6	26	13	56	0	21022.96	948.135496
2009	6	26	13	58	0	21028.86	948.401586
2009	6	26	14	0	0	21033.1	948.59281
2009	6	26	14	2	0	21013.7	947.71787
2009	6	26	14	4	0	21014.29	947.744479
2009	6	26	14	6	0	21013.47	947.707497
2009	6	26	14	8	0	21011.32	947.610532
2009	6	26	14	10	0	21008	947.4608
2009	6	26	14	12	0	21003.64	947.264164
2009	6	26	14	14	0	20998.42	947.028742
2009	6	26	14	16	0	20992.57	946.764907
2009	6	26	14	18	0	20986.05	946.470855
2009	6	26	14	20	0	20978.99	946.152449
2009	6	26	14	22	0	20971.47	945.813297
2009	6	26	14	24	0	20963.54	945.455654
2009	6	26	14	26	0	20955.33	945.085383
2009	6	26	14	28	0	20946.95	944.707445
2009	6	26	14	30	0	20938.5	944.32635
2009	6	26	14	32	0	20930.1	943.94751
2009	6	26	14	34	0	20921.85	943.575435
2009	6	26	14	36	0	20913.83	943.213733
2009	6	26	14	38	0	20906.14	942.866914
2009	6	26	14	40	0	20898.83	942.537233
2009	6	26	14	42	0	20891.97	942.227847
2009	6	26	14	44	0	20885.64	941.942364
2009	6	26	14	46	0	20879.86	941.681686
2009	6	26	14	48	0	20874.68	941.448068
2009	6	26	14	50	0	20870.06	941.239706
2009	6	26	14	52	0	20865.31	941.025481
2009	6	26	14	54	0	20859.7	940.77247
2009	6	26	14	56	0	20853.17	940.477967
2009	6	26	14	58	0	20845.88	940.149188
2009	6	26	15	0	0	20838.05	939.796055
2009	6	26	15	2	0	20829.82	939.424882
2009	6	26	15	4	0	20821.26	939.038826
2009	6	26	15	6	0	20812.35	938.636985
2009	6	26	15	8	0	20803.01	938.215751
2009	6	26	15	10	0	20677.88	932.572388
2009	6	26	15	12	0	20579.52	928.136352
2009	6	26	15	14	0	20563.81	927.427831
2009	6	26	15	16	0	20550.54	926.829354
2009	6	26	15	18	0	20535.6	926.15556
2009	6	26	15	20	0	20519.38	925.424038
2009	6	26	15	22	0	20502.44	924.660044
2009	6	26	15	24	0	20485.01	923.873951
2009	6	26	15	26	0	20467.08	923.065308
2009	6	26	15	28	0	20448.8	922.24088
2009	6	26	15	30	0	20434.05	921.575655
2009	6	26	15	32	0	20416.51	920.784601
2009	6	26	15	34	0	20400.02	920.040902
2009	6	26	15	36	0	20384.77	919.353127
2009	6	26	15	38	0	20371.15	918.738865
2009	6	26	15	40	0	20359.65	918.220215
2009	6	26	15	42	0	20350.95	917.827845
2009	6	26	15	44	0	20345.75	917.593325
2009	6	26	15	46	0	20344.64	917.543264
2009	6	26	15	48	0	20347.56	917.674956
2009	6	26	15	50	0	20354.1	917.96991
2009	6	26	15	52	0	20363.78	918.406478
2009	6	26	15	54	0	20407.62	920.383662
